1 6.625992 5.063232 4.642700
2 6.776306 5.137642 4.678040
3 6.531738 4.959892 4.427399
4 6.660942 4.853088 4.509232
5 6.549072 4.906998 4.394371
6 6.848991 5.027092 4.350975
7 6.680305 5.095581 4.527100
8 6.682571 5.379807 4.447891
9 6.905991 5.169113 4.554962
10 6.478500 5.372543 4.609428
11 6.375519 5.419052 4.625130
12 6.576416 5.501839 4.699631
13 6.460068 5.280151 4.584343
14 6.700951 5.526779 4.622391
15 6.453529 5.570541 4.871780
16 6.668381 5.711678 4.847694
17 6.701958 5.359192 4.816612
18 6.417130 5.570572 4.698105
19 6.825363 5.586700 4.713020
